date,total,count
16/1/2021,225,225
17/1/2021,225,0
18/1/2021,442,217
19/1/2021,644,202
20/1/2021,644,0
21/1/2021,1032,388
22/1/2021,1466,434
23/1/2021,1998,532
24/1/2021,2019,21
25/1/2021,2369,350
26/1/2021,2369,0
27/1/2021,2385,16
28/1/2021,2656,271
29/1/2021,2727,71
30/1/2021,2727,0
31/1/2021,2727,0
1/2/2021,2727,0
2/2/2021,2727,0
3/2/2021,2772,45
4/2/2021,2938,166
5/2/2021,3161,223
6/2/2021,3161,0
