date,total,count
16/1/2021,19108,19108
17/1/2021,36922,17814
18/1/2021,46680,9758
19/1/2021,65597,18917
20/1/2021,91778,26181
21/1/2021,115365,23587
22/1/2021,133298,17933
23/1/2021,147030,13732
24/1/2021,147030,0
25/1/2021,156120,9090
26/1/2021,156129,9
27/1/2021,163727,7598
28/1/2021,171683,7956
29/1/2021,179038,7355
30/1/2021,187252,8214
31/1/2021,187252,0
1/2/2021,187252,0
2/2/2021,187252,0
3/2/2021,215171,27919
4/2/2021,243243,28072
5/2/2021,272190,28947
6/2/2021,299649,27459
7/2/2021,299649,0
8/2/2021,314316,14667
