date,total,count
16/1/2021,829,829
17/1/2021,1751,922
18/1/2021,2805,1054
19/1/2021,2805,0
20/1/2021,3023,218
21/1/2021,4682,1659
22/1/2021,5956,1274
23/1/2021,6511,555
24/1/2021,6511,0
25/1/2021,7307,796
26/1/2021,7307,0
27/1/2021,7307,0
28/1/2021,8656,1349
29/1/2021,9265,609
30/1/2021,9651,386
