date,total,count
16/1/2021,4319,4319
17/1/2021,4319,0
18/1/2021,7968,3649
19/1/2021,12902,4934
20/1/2021,12902,0
21/1/2021,18844,5942
22/1/2021,18844,0
23/1/2021,25811,6967
24/1/2021,25811,0
25/1/2021,33219,7408
26/1/2021,33219,0
27/1/2021,39764,6545
28/1/2021,48008,8244
29/1/2021,48008,0
30/1/2021,56818,8810
31/1/2021,56818,0
1/2/2021,64711,7893
2/2/2021,74068,9357
3/2/2021,81433,7365
4/2/2021,90927,9494
5/2/2021,100079,9152
6/2/2021,109589,9510
7/2/2021,109589,0
8/2/2021,119329,9740
9/2/2021,132046,12717
10/2/2021,146789,14743
11/2/2021,162596,15807
12/2/2021,177439,14843
