date,total,count
16/1/2021,80,80
17/1/2021,80,0
18/1/2021,80,0
19/1/2021,125,45
20/1/2021,125,0
21/1/2021,184,59
22/1/2021,262,78
23/1/2021,345,83
24/1/2021,345,0
25/1/2021,345,0
26/1/2021,345,0
27/1/2021,345,0
28/1/2021,493,148
29/1/2021,607,114
30/1/2021,692,85
31/1/2021,692,0
1/2/2021,832,140
2/2/2021,867,35
3/2/2021,926,59
4/2/2021,1075,149
5/2/2021,1214,139
6/2/2021,1504,290
7/2/2021,1504,0
