date,total,count
16/1/2021,10787,10787
17/1/2021,10787,0
18/1/2021,10787,0
19/1/2021,21832,11045
20/1/2021,21832,0
21/1/2021,34865,13033
22/1/2021,46150,11285
23/1/2021,78466,32316
24/1/2021,78466,0
25/1/2021,91927,13461
26/1/2021,91927,0
27/1/2021,94524,2597
28/1/2021,162616,68092
29/1/2021,221675,59059
30/1/2021,246054,24379
31/1/2021,247891,1837
1/2/2021,256097,8206
2/2/2021,287852,31755
3/2/2021,311251,23399
4/2/2021,348183,36932
5/2/2021,394416,46233
6/2/2021,438573,44157
7/2/2021,451002,12429
8/2/2021,505960,54958
9/2/2021,572412,66452
