date,total,count
16/1/2021,3096,3096
17/1/2021,3096,0
18/1/2021,6059,2963
19/1/2021,8808,2749
20/1/2021,11641,2833
21/1/2021,11641,0
22/1/2021,14806,3165
23/1/2021,14806,0
24/1/2021,14806,0
25/1/2021,18413,3607
26/1/2021,18413,0
27/1/2021,24020,5607
28/1/2021,24315,295
29/1/2021,33119,8804
30/1/2021,40726,7607
31/1/2021,40860,134
1/2/2021,48057,7197
2/2/2021,55671,7614
3/2/2021,67970,12299
