date,total,count
16/1/2021,8062,8062
17/1/2021,8407,345
18/1/2021,15477,7070
19/1/2021,24007,8530
20/1/2021,24269,262
21/1/2021,35173,10904
22/1/2021,47293,12120
23/1/2021,53529,6236
24/1/2021,53529,0
25/1/2021,71973,18444
26/1/2021,71973,0
27/1/2021,82970,10997
28/1/2021,106583,23613
29/1/2021,135835,29252
30/1/2021,158687,22852
31/1/2021,165171,6484
1/2/2021,193925,28754
2/2/2021,224846,30921
3/2/2021,246043,21197
4/2/2021,270992,24949
5/2/2021,286132,15140
6/2/2021,291852,5720
7/2/2021,292342,490
8/2/2021,307998,15656
9/2/2021,322016,14018
10/2/2021,326246,4230
