date,total,count
16/1/2021,79,79
17/1/2021,79,0
18/1/2021,119,40
19/1/2021,119,0
20/1/2021,240,121
21/1/2021,240,0
22/1/2021,401,161
23/1/2021,558,157
24/1/2021,558,0
25/1/2021,670,112
26/1/2021,670,0
27/1/2021,818,148
28/1/2021,818,0
29/1/2021,989,171
30/1/2021,1128,139
31/1/2021,1128,0
1/2/2021,1234,106
2/2/2021,1234,0
3/2/2021,1511,277
4/2/2021,1511,0
5/2/2021,1745,234
6/2/2021,1987,242
7/2/2021,1987,0
8/2/2021,2234,247
9/2/2021,2309,75
10/2/2021,2536,227
11/2/2021,2761,225
