date,total,count
16/1/2021,21,21
17/1/2021,21,0
18/1/2021,201,180
19/1/2021,369,168
20/1/2021,369,0
21/1/2021,369,0
22/1/2021,552,183
23/1/2021,633,81
24/1/2021,633,0
25/1/2021,676,43
26/1/2021,676,0
27/1/2021,746,70
28/1/2021,746,0
29/1/2021,746,0
30/1/2021,807,61
31/1/2021,807,0
1/2/2021,807,0
2/2/2021,807,0
3/2/2021,807,0
4/2/2021,807,0
5/2/2021,831,24
6/2/2021,839,8
7/2/2021,839,0
8/2/2021,868,29
9/2/2021,920,52
10/2/2021,920,0
11/2/2021,920,0
12/2/2021,1776,856
