date,total,count
16/1/2021,18338,18338
17/1/2021,18338,0
18/1/2021,18582,244
19/1/2021,33484,14902
20/1/2021,52055,18571
21/1/2021,52393,338
22/1/2021,74960,22567
23/1/2021,99885,24925
24/1/2021,99885,0
25/1/2021,136901,37016
26/1/2021,136901,0
27/1/2021,179509,42608
28/1/2021,220587,41078
29/1/2021,261320,40733
30/1/2021,269064,7744
31/1/2021,269064,0
1/2/2021,310825,41761
2/2/2021,318744,7919
3/2/2021,354633,35889
4/2/2021,389577,34944
5/2/2021,434943,45366
6/2/2021,473480,38537
7/2/2021,473480,0
8/2/2021,512476,38996
9/2/2021,536436,23960
10/2/2021,573681,37245
11/2/2021,608573,34892
12/2/2021,649660,41087
