date,total,count
16/1/2021,509,509
17/1/2021,509,0
18/1/2021,530,21
19/1/2021,1037,507
20/1/2021,1365,328
21/1/2021,1785,420
22/1/2021,2078,293
23/1/2021,2236,158
24/1/2021,2236,0
25/1/2021,2748,512
26/1/2021,2748,0
27/1/2021,3249,501
28/1/2021,3870,621
29/1/2021,4200,330
30/1/2021,4324,124
31/1/2021,4324,0
1/2/2021,4564,240
2/2/2021,4694,130
3/2/2021,4806,112
4/2/2021,5469,663
5/2/2021,6213,744
6/2/2021,6859,646
7/2/2021,6859,0
8/2/2021,7662,803
9/2/2021,9069,1407
