date,total,count
16/1/2021,585,585
17/1/2021,687,102
18/1/2021,978,291
19/1/2021,1111,133
20/1/2021,1454,343
21/1/2021,1454,0
22/1/2021,1923,469
23/1/2021,2319,396
24/1/2021,2319,0
25/1/2021,2485,166
26/1/2021,2485,0
27/1/2021,2855,370
28/1/2021,2855,0
29/1/2021,3399,544
30/1/2021,3987,588
31/1/2021,3987,0
1/2/2021,4373,386
