date,total,count
16/1/2021,314,314
17/1/2021,314,0
18/1/2021,554,240
19/1/2021,1091,537
20/1/2021,1508,417
21/1/2021,2537,1029
22/1/2021,3657,1120
23/1/2021,3979,322
24/1/2021,3979,0
25/1/2021,4852,873
26/1/2021,4852,0
27/1/2021,6142,1290
28/1/2021,6728,586
29/1/2021,8497,1769
30/1/2021,9346,849
31/1/2021,9346,0
1/2/2021,9932,586
2/2/2021,9932,0
3/2/2021,9995,63
4/2/2021,10044,49
5/2/2021,10555,511
6/2/2021,10937,382
7/2/2021,10937,0
8/2/2021,10937,0
9/2/2021,11046,109
10/2/2021,11046,0
11/2/2021,11046,0
