date,total,count
16/1/2021,13746,13746
17/1/2021,13746,0
18/1/2021,46506,32760
19/1/2021,60797,14291
20/1/2021,68743,7946
21/1/2021,113623,44880
22/1/2021,130007,16384
23/1/2021,152371,22364
24/1/2021,152371,0
25/1/2021,177090,24719
26/1/2021,177090,0
27/1/2021,178227,1137
28/1/2021,194058,15831
29/1/2021,205200,11142
30/1/2021,206424,1224
31/1/2021,206424,0
1/2/2021,207462,1038
2/2/2021,208205,743
3/2/2021,211346,3141
4/2/2021,234923,23577
5/2/2021,235680,757
6/2/2021,275055,39375
7/2/2021,276323,1268
8/2/2021,315725,39402
9/2/2021,342254,26529
