date,total,count
16/1/2021,1327,1327
17/1/2021,1327,0
18/1/2021,3318,1991
19/1/2021,5567,2249
20/1/2021,7607,2040
21/1/2021,12532,4925
22/1/2021,21340,8808
23/1/2021,30319,8979
24/1/2021,31327,1008
25/1/2021,39418,8091
26/1/2021,39418,0
27/1/2021,44708,5290
28/1/2021,50977,6269
29/1/2021,54988,4011
30/1/2021,57499,2511
31/1/2021,57499,0
1/2/2021,59285,1786
2/2/2021,61381,2096
3/2/2021,63663,2282
4/2/2021,67861,4198
