date,total,count
16/1/2021,2945,2945
17/1/2021,8834,5889
18/1/2021,16462,7628
19/1/2021,25908,9446
20/1/2021,33670,7762
21/1/2021,42947,9277
22/1/2021,51651,8704
23/1/2021,59226,7575
24/1/2021,61720,2494
25/1/2021,69027,7307
26/1/2021,73953,4926
27/1/2021,82039,8086
28/1/2021,88467,6428
29/1/2021,97126,8659
30/1/2021,105821,8695
31/1/2021,105821,0
1/2/2021,112687,6866
2/2/2021,120745,8058
3/2/2021,133434,12689
4/2/2021,145928,12494
5/2/2021,157324,11396
6/2/2021,166408,9084
7/2/2021,166408,0
